63 63 63 63 63 63 63 63 63 63 63 63 63 63 63 63 63 63 63 63 63 63 63 63 63 63 63 63 63 63 63 63 63 63 63 63 63 63 63 63 63 63 63 63 63 63 63 63 63 63 63 63 63 63 63 63 63 63 63 63 63 63 63 63 63 63 63 63 63 63 63 63 63 63 63 63 63 63 63 63 63 63 63 63 63 63 63 63 63 63 63 63 63 63 63 63 63 63 63 63 
63 63 63 63 63 63 63 63 63 63 63 63 63 63 63 63 63 63 63 63 63 63 63 63 63 63 63 63 63 63 63 63 63 63 63 63 63 63 63 63 63 63 63 63 63 63 63 63 63 63 63 63 63 63 63 63 63 63 63 63 63 63 63 63 63 63 63 63 63 63 63 63 63 63 63 63 63 63 63 63 63 63 63 63 63 63 63 63 63 63 63 63 63 63 63 63 63 63 63 63 
63 63 63 63 63 63 63 63 63 63 63 63 63 63 63 63 63 63 63 63 63 63 63 63 63 63 63 63 63 63 63 63 63 63 63 63 63 63 63 63 63 63 63 63 63 63 63 63 63 63 63 63 63 63 63 63 63 63 63 63 63 63 63 63 63 63 63 63 63 63 63 63 63 63 63 63 63 63 63 63 63 63 63 63 63 63 63 63 63 63 63 63 63 63 63 63 63 63 63 63 
63 63 63 63 63 63 63 63 63 63 63 63 63 63 63 63 63 63 63 63 63 63 63 63 63 63 63 63 63 63 63 63 63 63 63 63 63 63 63 63 63 63 63 63 63 63 63 63 63 63 63 63 63 63 70 32 32 32 32 32 32 32 32 32 32 32 32 32 32 32 32 32 32 32 32 32 32 32 32 32 32 32 32 32 32 32 32 32 32 71 63 63 63 63 63 63 63 63 63 63 
63 63 63 63 63 63 63 63 63 63 63 63 63 63 63 63 63 63 63 63 63 63 63 63 63 63 63 63 63 63 63 63 63 63 63 63 63 63 63 63 63 63 63 63 63 63 63 63 63 63 63 63 63 63 70 32 62 62 62 62 62 62 62 62 62 62 62 62 62 62 62 62 62 62 62 62 62 62 62 62 62 62 62 62 62 62 62 62 32 71 63 63 63 63 63 63 63 63 63 63 
63 63 63 63 63 63 63 63 63 63 63 63 63 63 63 63 63 63 63 63 63 63 63 63 63 63 63 63 63 63 63 63 63 63 63 63 63 63 63 63 63 63 63 63 63 63 63 63 63 63 63 63 63 63 70 32 62 62 62 62 62 62 62 62 62 62 62 62 62 62 62 62 62 62 62 62 62 62 62 62 62 62 62 62 62 62 62 62 32 71 63 63 63 63 63 63 63 63 63 63 
63 63 63 63 63 63 63 63 63 63 63 63 63 63 63 63 63 63 63 63 63 63 63 63 63 63 63 63 63 63 63 63 63 63 63 63 63 63 63 63 63 63 63 63 63 63 63 63 63 63 63 63 63 63 70 32 62 62 62 62 62 62 62 62 62 62 62 62 62 62 62 62 62 62 62 62 62 62 62 62 62 62 62 62 62 62 62 62 32 71 63 63 63 63 63 63 63 63 63 63 
63 63 63 63 63 63 63 63 63 63 63 63 63 63 63 63 63 63 63 63 63 63 63 63 63 63 63 63 63 63 63 63 63 63 63 63 63 63 63 63 63 63 63 63 63 63 63 63 63 63 63 63 63 63 70 32 62 62 62 62 62 62 62 62 62 62 62 62 62 62 62 62 62 62 62 62 62 62 62 62 62 62 62 62 62 62 62 62 32 71 63 63 63 63 63 63 63 63 63 63 
63 63 63 63 63 63 63 63 63 63 63 63 63 63 63 63 63 63 63 63 63 63 63 63 63 63 63 63 63 63 63 63 63 63 63 63 63 63 63 63 63 63 63 63 63 63 63 63 63 63 63 63 63 63 70 32 62 62 62 62 62 62 62 62 62 62 62 62 62 62 62 62 62 62 62 62 62 62 62 62 62 62 62 62 62 62 62 62 32 71 63 63 63 63 63 63 63 63 63 63 
63 63 63 63 63 63 63 63 63 63 63 63 63 63 63 63 63 63 63 63 63 63 63 63 63 63 63 63 63 63 63 63 63 63 63 63 63 63 63 63 63 63 63 63 63 63 63 63 63 63 63 63 63 63 70 32 62 62 62 62 62 62 62 62 62 62 62 62 62 62 62 62 62 62 62 62 62 62 62 62 62 62 62 62 62 62 62 62 32 71 63 63 63 63 63 63 63 63 63 63 
63 63 63 63 63 63 63 63 63 63 63 63 63 63 63 63 63 63 63 63 63 63 63 63 63 63 63 63 63 63 63 63 63 63 63 63 63 63 63 63 63 63 63 63 63 63 63 63 63 63 63 63 63 63 70 32 62 62 62 62 62 62 62 62 62 62 62 62 62 62 62 62 62 62 62 62 62 62 62 62 62 62 62 62 62 62 62 62 32 71 63 63 63 63 63 63 63 63 63 63 
63 63 63 63 63 63 63 63 63 63 63 63 63 63 63 63 63 63 63 63 63 63 63 63 63 63 63 63 63 63 63 63 63 63 63 63 63 63 63 63 63 63 63 63 63 63 63 63 63 63 63 63 63 63 70 32 62 62 62 62 62 62 62 62 62 62 62 62 62 62 62 62 62 62 62 62 62 62 62 62 62 62 62 62 62 62 62 62 32 71 63 63 63 63 63 63 63 63 63 63 
63 63 63 63 63 63 63 63 63 63 63 63 63 63 63 63 63 63 63 63 63 63 63 63 63 63 63 63 63 63 63 63 63 63 63 63 63 63 63 63 63 63 63 63 63 63 63 63 63 63 63 63 63 63 70 32 62 62 62 62 62 62 62 62 62 62 62 62 62 62 62 62 62 62 62 62 62 62 62 62 62 62 62 62 62 62 62 62 32 71 63 63 63 63 63 63 63 63 63 63 
63 63 63 63 63 63 63 63 63 63 63 63 63 63 63 63 63 63 63 63 63 63 63 63 63 63 63 63 63 63 63 63 63 63 63 63 63 63 63 63 63 63 63 63 63 63 63 63 63 63 63 63 63 63 70 32 62 62 62 62 62 62 62 62 62 62 62 62 62 62 62 62 62 62 62 62 62 62 62 62 62 62 62 62 62 62 62 62 32 71 63 63 63 63 63 63 63 63 63 63 
63 63 63 63 63 63 63 63 63 63 63 63 63 63 63 63 63 63 63 63 63 63 63 63 63 63 63 63 63 63 63 63 63 63 63 63 63 63 63 63 63 63 63 63 63 63 63 63 63 63 63 63 63 63 70 32 62 62 62 62 62 62 62 62 62 62 62 62 62 62 62 62 62 62 62 62 62 62 62 62 62 62 62 62 62 62 62 62 32 71 63 63 63 63 63 63 63 63 63 63 
63 63 63 63 63 63 63 63 63 63 63 63 63 63 63 63 63 63 63 63 63 63 63 63 63 63 63 63 63 63 63 63 63 63 63 63 63 63 63 63 63 63 63 63 63 63 63 63 63 63 63 63 63 63 70 32 62 62 62 62 62 62 62 62 62 62 62 62 62 62 62 62 62 62 62 62 62 62 62 62 62 62 62 62 62 62 62 62 32 71 63 63 63 63 63 63 63 63 63 63 
63 63 63 63 63 63 63 63 63 63 63 63 63 63 63 63 63 63 63 63 63 63 63 63 63 63 63 63 63 63 63 63 63 63 63 63 63 63 63 63 63 63 63 63 63 63 63 63 63 63 63 63 63 63 70 32 62 62 62 62 62 62 62 62 62 62 62 62 62 62 62 62 62 62 62 62 62 62 62 62 62 62 62 62 62 62 62 62 32 71 63 63 63 63 63 63 63 63 63 63 
63 63 63 63 63 63 63 63 63 63 63 63 63 63 63 63 63 63 63 63 63 63 63 63 63 63 63 63 63 63 63 63 63 63 63 63 63 63 63 63 63 63 63 63 63 63 63 63 63 63 63 63 63 63 70 32 62 62 62 62 62 62 62 62 62 62 62 62 62 62 62 62 62 62 62 62 62 62 62 62 62 62 62 62 62 62 62 62 32 71 63 63 63 63 63 63 63 63 63 63 
63 63 63 63 63 63 63 63 63 63 63 63 63 63 63 63 63 63 63 63 63 63 63 63 63 63 63 63 63 63 63 63 63 63 63 63 63 63 63 63 63 63 63 63 63 63 63 63 63 63 63 63 63 63 70 32 62 62 62 62 62 62 62 62 62 62 62 62 62 62 62 62 62 62 62 62 62 62 62 62 62 62 62 62 62 62 62 62 32 71 63 63 63 63 63 63 63 63 63 63 
63 63 63 63 63 63 63 63 63 63 63 63 63 63 63 63 63 63 63 63 63 63 63 63 63 63 63 63 63 63 63 63 63 63 63 63 63 63 63 63 63 63 63 63 63 63 63 63 63 63 63 63 63 63 70 32 62 62 62 62 62 62 62 62 62 62 62 62 62 62 62 62 62 62 62 62 62 62 62 62 62 62 62 62 62 62 62 62 32 71 63 63 63 63 63 63 63 63 63 63 
63 63 63 63 63 63 63 63 63 63 63 63 63 63 63 63 63 63 63 63 63 63 63 63 63 63 63 63 63 63 63 63 63 63 63 63 63 63 63 63 63 63 63 63 63 63 63 63 63 63 63 63 63 63 70 32 62 62 62 62 62 62 62 62 62 62 62 62 62 62 62 62 62 62 62 62 62 62 62 62 62 62 62 62 62 62 62 62 32 71 63 63 63 63 63 63 63 63 63 63 
63 63 63 63 63 63 63 63 63 63 63 63 63 63 63 63 63 63 63 63 63 63 63 63 63 63 63 63 63 63 63 63 63 63 63 63 63 63 63 63 63 63 63 63 63 63 63 63 63 63 63 63 63 63 70 32 62 62 62 62 62 62 62 62 62 62 62 62 62 62 62 62 62 62 62 62 62 62 62 62 62 62 62 62 62 62 62 62 32 71 63 63 63 63 63 63 63 63 63 63 
63 63 63 63 63 63 63 63 63 63 63 63 63 63 63 63 63 63 63 63 63 63 63 63 63 63 63 63 63 63 63 63 63 63 63 63 63 63 63 63 63 63 63 63 63 63 63 63 63 63 63 63 63 63 70 32 62 62 62 62 62 62 62 62 62 62 62 62 62 62 62 62 62 62 62 62 62 62 62 62 62 62 62 62 62 62 62 62 32 71 63 63 63 63 63 63 63 63 63 63 
63 63 63 63 63 63 63 63 63 63 63 63 63 63 63 63 63 63 63 63 63 63 63 63 63 63 63 63 63 63 63 63 63 63 63 63 63 63 63 63 63 63 63 63 63 63 63 63 63 63 63 63 63 63 70 32 62 62 62 62 62 62 62 62 62 62 62 62 62 62 62 62 62 62 62 62 62 62 62 62 62 62 62 62 62 62 62 62 32 71 63 63 63 63 63 63 63 63 63 63 
63 63 63 63 63 63 63 63 63 63 63 63 63 63 63 63 63 63 63 63 63 63 63 63 63 63 63 63 63 63 63 63 63 63 63 63 63 63 63 63 63 63 63 63 63 63 63 63 63 63 63 63 63 63 70 32 62 62 62 62 62 62 62 62 62 62 62 62 62 62 62 62 62 62 62 62 62 62 62 62 62 62 62 62 62 62 62 62 32 71 63 63 63 63 63 63 63 63 63 63 
63 63 63 63 63 63 63 63 63 63 63 63 63 63 63 63 63 63 63 63 63 63 63 63 63 63 63 63 63 63 63 63 63 63 63 63 63 63 63 63 63 63 63 63 63 63 63 63 63 63 63 63 63 63 70 32 62 62 62 62 62 62 62 62 62 62 62 62 62 62 62 62 62 62 62 62 62 62 62 62 62 62 62 62 62 62 62 62 32 71 63 63 63 63 63 63 63 63 63 63 
63 63 63 63 63 63 63 63 63 63 63 63 63 63 63 63 63 63 63 63 63 63 63 63 63 63 63 63 63 63 63 63 63 63 63 63 63 63 63 63 63 63 63 63 63 63 63 63 63 63 63 63 63 63 70 32 62 62 62 62 62 62 62 62 62 62 62 62 62 62 62 62 62 62 62 62 62 62 62 62 62 62 62 62 62 62 62 62 32 71 63 63 63 63 63 63 63 63 63 63 
63 63 63 63 63 63 63 63 63 63 63 63 63 63 63 63 63 63 63 63 63 63 63 63 63 63 63 63 63 63 63 63 63 63 63 63 63 63 63 63 63 63 63 63 63 63 63 63 63 63 63 63 63 63 70 32 62 62 62 62 62 62 62 62 62 62 62 62 62 62 62 62 62 62 62 62 62 62 62 62 62 62 62 62 62 62 62 62 32 71 63 63 63 63 63 63 63 63 63 63 
63 63 63 63 63 63 63 63 63 63 63 63 63 63 63 63 63 63 63 63 63 63 63 63 63 63 63 63 63 63 63 63 63 63 63 63 63 63 63 63 63 63 63 63 63 63 63 63 63 63 63 63 63 63 70 32 62 62 62 62 62 62 62 62 62 62 62 62 62 62 62 62 62 62 62 62 62 62 62 62 62 62 62 62 62 62 62 62 32 71 63 63 63 63 63 63 63 63 63 63 
63 63 63 63 63 63 63 63 63 63 63 63 63 63 63 63 63 63 63 63 63 63 63 63 63 63 63 63 63 63 63 63 63 63 63 63 63 63 63 63 63 63 63 63 63 63 63 63 63 63 63 63 63 63 70 32 62 62 62 62 62 62 62 62 62 62 62 62 62 62 62 62 62 62 62 62 62 62 62 62 62 62 62 62 62 62 62 62 32 71 63 63 63 63 63 63 63 63 63 63 
63 63 63 63 63 63 63 63 63 63 63 63 63 63 63 63 63 63 63 63 63 63 63 63 63 63 63 63 63 63 63 63 63 63 63 63 63 63 63 63 63 63 63 63 63 63 63 63 63 63 63 63 63 63 70 32 62 62 62 62 62 62 62 62 62 62 62 62 62 62 62 62 62 62 62 62 62 62 62 62 62 62 62 62 62 62 62 62 32 71 63 63 63 63 63 63 63 63 63 63 
63 63 63 63 63 63 63 63 63 63 63 63 63 63 70 32 32 32 32 32 32 32 32 32 32 32 32 32 32 32 32 32 32 32 32 32 32 32 32 32 32 32 32 32 32 32 32 32 32 71 63 63 63 63 70 32 62 62 62 62 62 62 62 62 62 62 62 62 62 62 62 62 62 62 62 62 62 62 62 62 62 62 62 62 62 62 62 62 32 71 63 63 63 63 63 63 63 63 63 63 
63 63 63 63 63 63 63 63 63 63 63 63 63 63 70 32 62 62 62 62 62 62 62 62 62 62 62 62 62 62 62 62 62 62 62 62 62 62 62 62 62 62 62 62 62 62 62 62 32 71 63 63 63 63 70 32 62 62 62 62 62 62 62 62 62 62 62 62 62 62 62 62 62 62 62 62 62 62 62 62 62 62 62 62 62 62 62 62 32 71 63 63 63 63 63 63 63 63 63 63 
63 63 63 63 63 63 63 63 63 63 63 63 63 63 70 32 62 62 62 62 62 62 62 62 62 62 62 62 62 62 62 62 62 62 62 62 62 62 62 62 62 62 62 62 62 62 62 62 32 71 63 63 63 63 70 32 62 62 62 62 62 62 62 62 62 62 62 62 62 62 62 62 62 62 62 62 62 62 62 62 62 62 62 62 62 62 62 62 32 71 63 63 63 63 63 63 63 63 63 63 
63 63 63 63 63 63 63 63 63 63 63 63 63 63 70 32 62 62 62 62 62 62 62 62 62 62 62 62 62 62 62 62 62 62 62 62 62 62 62 62 62 62 62 62 62 62 62 62 32 71 63 63 63 63 70 32 62 62 62 62 62 62 62 62 62 62 62 62 62 62 62 62 62 62 62 62 62 62 62 62 62 62 62 62 62 62 62 62 32 71 63 63 63 63 63 63 63 63 63 63 
63 63 63 63 63 63 63 63 63 63 63 63 63 63 70 32 62 62 62 62 62 62 62 62 62 62 62 62 62 62 62 62 62 62 62 62 62 62 62 62 62 62 62 62 62 62 62 62 32 71 63 63 63 63 70 32 62 62 62 62 62 62 62 62 62 62 62 62 62 62 62 62 62 62 62 62 62 62 62 62 62 62 62 62 62 62 62 62 32 71 63 63 63 63 63 63 63 63 63 63 
63 63 63 63 63 63 63 63 63 63 63 63 63 63 70 32 62 62 62 62 62 62 62 62 62 62 62 62 62 62 62 62 62 62 62 62 62 62 62 62 62 62 62 62 62 62 62 62 32 71 63 63 63 63 70 32 32 32 32 32 32 32 32 32 32 32 32 32 32 32 32 32 32 32 32 32 32 32 32 32 32 32 32 32 32 32 32 32 32 71 63 63 63 63 63 63 63 63 63 63 
63 63 63 63 63 63 63 63 63 63 63 63 63 63 70 32 62 62 62 62 62 62 62 62 62 62 62 62 62 62 62 62 62 62 62 62 62 62 62 62 62 62 62 62 62 62 62 62 32 71 63 63 63 63 63 66 66 66 66 66 66 66 66 66 66 66 66 66 66 66 66 66 66 66 66 66 66 66 66 66 66 66 66 66 66 66 66 66 66 63 63 63 63 63 63 63 63 63 63 63 
63 63 63 63 63 63 63 63 63 63 63 63 63 63 70 32 62 62 62 62 62 62 62 62 62 62 62 62 62 62 62 62 62 62 62 62 62 62 62 62 62 62 62 62 62 62 62 62 32 71 63 63 63 63 63 63 63 63 63 63 63 63 63 63 63 63 63 63 63 63 63 63 63 63 63 63 63 63 63 63 63 63 63 63 63 63 63 63 63 63 63 63 63 63 63 63 63 63 63 63 
63 63 63 63 63 63 63 63 63 63 63 63 63 63 70 32 62 62 62 62 62 62 62 62 62 62 62 62 62 62 62 62 62 62 62 62 62 62 62 62 62 62 62 62 62 62 62 62 32 71 63 63 63 63 63 63 63 63 63 63 63 63 63 63 63 63 63 63 63 63 63 63 63 63 63 63 63 63 63 63 63 63 63 63 63 63 63 63 63 63 63 63 63 63 63 63 63 63 63 63 
63 63 63 63 63 63 63 63 63 63 63 63 63 63 70 32 62 62 62 62 62 62 62 62 62 62 62 62 62 62 62 62 62 62 62 62 62 62 62 62 62 62 62 62 62 62 62 62 32 71 63 63 63 63 63 63 63 63 63 63 63 63 63 63 63 63 63 63 63 63 63 63 63 63 63 63 63 63 63 63 63 63 63 63 63 63 63 63 63 63 63 63 63 63 63 63 63 63 63 63 
63 63 63 63 63 63 63 63 63 63 63 63 63 63 70 32 62 62 62 62 62 62 62 62 62 62 62 62 62 62 62 62 62 62 62 62 62 62 62 62 62 62 62 62 62 62 62 62 32 71 63 63 63 63 63 63 63 63 63 63 63 63 63 63 63 63 63 63 63 63 63 63 63 63 63 63 63 63 63 63 63 63 63 63 63 63 63 63 63 63 63 63 63 63 63 63 63 63 63 63 
63 63 63 63 63 63 63 63 63 63 63 63 63 63 70 32 62 62 62 62 62 62 62 62 62 62 62 62 62 62 62 62 62 62 62 62 62 62 62 62 62 62 62 62 62 62 62 62 32 71 63 63 63 63 63 63 63 63 63 63 63 63 63 63 63 63 63 63 63 63 63 63 63 63 63 63 63 63 63 63 63 63 63 63 63 63 63 63 63 63 63 63 63 63 63 63 63 63 63 63 
63 63 63 63 63 63 63 63 63 63 63 63 63 63 70 32 62 62 62 62 62 62 62 62 62 62 62 62 62 62 62 62 62 62 62 62 62 62 62 62 62 62 62 62 62 62 62 62 32 71 63 63 63 63 63 63 63 63 63 63 63 63 63 63 63 63 63 63 63 63 63 63 63 63 63 63 63 63 63 63 63 63 63 63 63 63 63 63 63 63 63 63 63 63 63 63 63 63 63 63 
63 63 63 63 63 63 63 63 63 63 63 63 63 63 70 32 62 62 62 62 62 62 62 62 62 62 62 62 62 62 62 62 62 62 62 62 62 62 62 62 62 62 62 62 62 62 62 62 32 71 63 63 63 63 63 63 63 63 63 63 63 63 63 63 63 63 63 63 63 63 63 63 63 63 63 63 63 63 63 63 63 63 63 63 63 63 63 63 63 63 63 63 63 63 63 63 63 63 63 63 
63 63 63 63 63 63 63 63 63 63 63 63 63 63 70 32 62 62 62 62 62 62 62 62 62 62 62 62 62 62 62 62 62 62 62 62 62 62 62 62 62 62 62 62 62 62 62 62 32 71 63 63 63 63 63 63 63 63 63 63 63 63 63 63 63 63 63 63 63 63 63 63 63 63 63 63 63 63 63 63 63 63 63 63 63 63 63 63 63 63 63 63 63 63 63 63 63 63 63 63 
63 63 63 63 63 63 63 63 63 63 63 63 63 63 70 32 62 62 62 62 62 62 62 62 62 62 62 62 62 62 62 62 62 62 62 62 62 62 62 62 62 62 62 62 62 62 62 62 32 71 63 63 63 63 63 63 63 63 63 63 63 63 63 63 63 63 63 63 63 63 63 63 63 63 63 63 63 63 63 63 63 63 63 63 63 63 63 63 63 63 63 63 63 63 63 63 63 63 63 63 
63 63 63 63 63 63 63 63 63 63 63 63 63 63 70 32 62 62 62 62 62 62 62 62 62 62 62 62 62 62 62 62 62 62 62 62 62 62 62 62 62 62 62 62 62 62 62 62 32 71 63 63 63 63 63 63 63 63 63 63 63 63 63 63 63 63 63 63 63 63 63 63 63 63 63 63 63 63 63 63 63 63 63 63 63 63 63 63 63 63 63 63 63 63 63 63 63 63 63 63 
63 63 63 63 63 63 63 63 63 63 63 63 63 63 70 32 62 62 62 62 62 62 62 62 62 62 62 62 62 62 62 62 62 62 62 62 62 62 62 62 62 62 62 62 62 62 62 62 32 71 63 63 63 63 63 63 63 63 63 69 32 32 32 32 32 32 32 32 32 32 32 32 32 32 32 32 32 32 63 63 63 63 63 63 63 63 63 63 63 63 63 63 63 63 63 63 63 63 63 63 
63 63 63 63 63 63 63 63 63 63 63 63 63 63 70 32 62 62 62 62 62 62 62 62 62 62 62 62 62 62 62 62 62 62 62 62 62 62 62 62 62 62 62 62 62 62 62 62 32 71 63 63 63 63 63 63 63 63 63 69 32 62 62 62 62 62 62 62 62 62 62 62 62 62 62 62 62 32 63 63 63 63 63 63 63 63 63 63 63 63 63 63 63 63 63 63 63 63 63 63 
63 63 63 63 63 63 63 63 63 63 63 63 63 63 70 32 32 32 32 32 32 32 32 32 32 32 32 32 32 32 32 32 62 62 62 62 32 32 32 32 32 32 32 32 32 32 32 32 32 71 63 63 63 63 63 63 63 63 63 69 32 62 62 62 62 62 62 62 62 62 62 62 62 62 62 62 62 32 63 63 63 63 63 63 63 63 63 63 63 63 63 63 63 63 63 63 63 63 63 63 
63 63 63 63 63 63 63 63 63 63 63 63 63 63 63 63 63 63 63 63 63 63 63 63 63 63 63 63 63 63 67 32 62 62 62 62 32 68 63 63 63 63 63 63 63 63 63 63 63 63 63 63 63 63 63 63 63 63 63 69 32 62 62 62 62 62 62 62 62 62 62 62 62 62 62 62 62 32 63 63 63 63 63 63 63 63 63 63 63 63 63 63 63 63 63 63 63 63 63 63 
63 63 63 63 63 63 63 63 63 63 63 63 63 63 63 63 63 63 63 63 63 63 63 63 63 63 63 63 63 63 70 32 62 62 62 62 32 71 63 63 63 63 63 63 63 63 63 63 63 63 63 63 63 63 63 63 63 63 63 69 32 62 62 62 62 62 62 62 62 62 62 62 62 62 62 62 62 32 63 63 63 63 63 63 63 63 63 63 63 63 63 63 63 63 63 63 63 63 63 63 
63 63 63 63 70 32 32 32 32 32 32 32 32 32 32 32 32 32 32 71 63 63 63 63 63 63 63 63 63 63 70 32 62 62 62 62 32 71 63 63 63 63 63 63 63 63 63 63 63 63 63 69 32 32 32 32 32 32 32 32 32 62 62 62 62 62 62 62 62 62 62 62 62 62 62 62 62 32 63 63 63 63 63 63 63 63 63 63 63 63 63 63 63 63 63 63 63 63 63 63 
63 63 63 63 70 32 62 62 62 62 62 62 62 62 62 62 62 62 32 71 63 63 63 70 32 32 32 32 32 32 32 32 62 62 62 62 32 32 32 32 32 32 32 63 63 63 63 63 63 63 63 69 32 62 62 62 62 62 62 62 62 62 62 62 62 62 62 62 62 62 62 62 62 62 62 62 62 32 63 63 70 32 32 32 32 32 32 32 32 32 32 32 32 32 32 32 32 32 32 71 
63 63 63 63 70 32 62 62 62 62 62 62 62 62 62 62 62 62 32 71 63 63 63 70 32 62 62 62 62 62 62 62 62 62 62 62 62 62 62 62 62 62 32 63 63 63 63 63 63 63 63 69 32 62 62 62 62 62 62 62 62 62 62 62 62 62 62 62 62 62 62 62 62 62 62 62 62 32 63 63 70 32 62 62 62 62 62 62 62 62 62 62 62 62 62 62 62 62 32 71 
63 63 63 63 70 32 62 62 62 62 62 62 62 62 62 62 62 62 32 71 63 63 63 70 32 62 62 62 62 62 62 62 62 62 62 62 62 62 62 62 62 62 32 63 63 63 63 63 63 63 63 69 32 62 62 62 62 62 62 62 62 62 62 62 62 62 62 62 62 62 62 62 62 62 62 62 62 32 63 63 70 32 62 62 62 62 62 62 62 62 62 62 62 62 62 62 62 62 32 71 
63 63 63 63 70 32 62 62 62 62 62 62 62 62 62 62 62 62 32 71 63 63 63 70 32 62 62 62 62 62 62 62 62 62 62 62 62 62 62 62 62 62 32 63 63 63 63 63 63 63 63 70 32 62 62 62 62 62 62 62 62 62 62 62 62 62 62 62 62 62 62 62 62 62 62 62 62 32 63 63 70 32 62 62 62 62 62 62 62 62 62 62 62 62 62 62 62 62 32 71 
63 63 63 63 70 32 62 62 62 62 62 62 62 62 62 62 62 62 32 32 32 32 32 32 32 62 62 62 62 62 62 62 62 62 62 62 62 62 62 62 62 62 32 63 63 63 63 63 63 63 63 70 32 62 62 62 62 62 62 62 62 62 62 62 62 62 62 62 62 32 32 32 32 32 32 32 32 32 63 63 70 32 62 62 62 62 62 62 62 62 62 62 62 62 62 62 62 62 32 71 
63 63 63 63 70 32 62 62 62 62 62 62 62 62 62 62 62 62 62 62 62 62 62 62 62 62 62 62 62 62 62 62 62 62 62 62 62 62 62 62 62 62 32 63 63 63 63 63 63 63 63 70 32 62 62 62 62 62 62 62 62 62 62 62 62 62 62 62 62 32 68 66 66 66 66 66 66 66 63 63 70 32 62 62 62 62 62 62 62 62 62 62 62 62 62 62 62 62 32 71 
63 63 63 63 70 32 62 62 62 62 62 62 62 62 62 62 62 62 62 62 62 62 62 62 62 62 62 62 62 62 62 62 62 62 62 62 62 62 62 62 62 62 32 63 63 63 63 63 63 63 63 70 32 62 62 62 62 62 62 62 62 62 62 62 62 62 62 62 62 32 71 63 63 63 63 63 63 63 63 63 70 32 62 62 62 62 62 62 62 62 62 62 62 62 62 62 62 62 32 71 
63 63 63 63 70 32 62 62 62 62 62 62 62 62 62 62 62 62 62 62 62 62 62 62 62 62 62 62 62 62 62 62 62 62 62 62 62 62 62 62 62 62 32 63 63 63 63 63 63 63 63 70 32 62 62 62 62 62 62 62 62 62 62 62 62 62 62 62 62 32 71 63 63 63 63 63 63 63 63 63 70 32 62 62 62 62 62 62 62 62 62 62 62 62 62 62 62 62 32 71 
63 63 63 63 70 32 62 62 62 62 62 62 62 62 62 62 62 62 32 32 32 32 32 32 32 62 62 62 62 62 62 62 62 62 62 62 62 62 62 62 62 62 32 63 63 63 63 63 63 63 63 70 32 62 62 62 62 62 62 62 62 62 62 62 62 62 62 62 62 32 71 63 63 63 63 63 63 63 63 63 70 32 62 62 62 62 62 62 62 62 62 62 62 62 62 62 62 62 32 71 
63 63 63 63 70 32 62 62 62 62 62 62 62 62 62 62 62 62 32 68 66 66 66 67 32 62 62 62 62 62 62 62 62 62 62 62 62 62 62 62 62 62 32 63 63 63 63 63 63 63 63 63 32 32 32 32 32 32 32 32 62 62 62 32 32 32 32 32 32 32 71 63 63 63 63 63 63 63 63 63 70 32 62 62 62 62 62 62 62 62 62 62 62 62 62 62 62 62 32 71 
63 63 63 63 70 32 62 62 62 62 62 62 62 62 62 62 62 62 32 63 63 63 63 70 32 62 62 62 62 62 62 62 62 62 62 62 62 62 62 62 62 62 32 63 63 63 63 63 63 63 63 63 66 66 66 66 66 66 66 32 62 62 62 32 68 66 66 66 66 66 63 63 63 63 63 63 63 63 63 63 70 32 32 32 62 62 62 32 32 32 32 32 32 32 32 32 32 32 32 71 
63 63 63 63 70 32 32 32 32 32 32 62 62 62 32 32 32 32 32 63 63 63 63 70 32 32 32 32 32 32 32 32 32 32 32 32 32 32 32 32 32 32 32 63 63 63 63 63 63 63 70 32 32 32 32 32 32 32 32 32 62 62 62 32 32 32 32 32 32 32 32 32 32 32 71 63 63 63 63 63 63 66 67 32 62 62 62 32 68 66 66 66 66 66 66 66 66 66 66 63 
63 63 63 63 63 63 63 63 63 67 32 62 62 62 32 68 63 63 63 63 63 63 63 63 63 63 66 66 66 66 66 66 66 66 66 66 66 66 66 66 66 66 66 63 63 63 63 63 63 63 70 32 62 62 62 62 62 62 62 62 62 62 62 62 62 62 62 62 62 62 62 62 62 32 71 63 63 63 63 63 63 63 70 32 62 62 62 32 71 63 63 63 63 63 63 63 63 63 63 63 
63 63 63 63 63 63 63 63 63 70 32 62 62 62 32 71 63 63 63 63 63 63 63 63 63 63 63 63 63 63 63 63 63 63 63 63 63 63 63 63 63 63 63 63 63 63 63 63 63 63 70 32 62 62 62 62 62 62 62 62 62 62 62 62 62 62 62 62 62 62 62 62 62 32 71 63 63 63 63 63 63 63 70 32 62 62 62 32 71 63 63 63 63 63 63 63 63 63 63 63 
63 63 70 32 32 32 32 32 32 32 32 62 62 62 32 32 32 32 32 32 32 71 63 63 63 63 63 63 63 63 63 63 63 63 63 63 63 63 63 63 63 63 63 63 63 63 63 63 63 63 70 32 62 62 62 62 62 62 62 62 62 62 62 62 62 62 62 62 62 62 62 62 62 32 71 63 63 63 63 63 63 63 70 32 62 62 62 32 71 63 63 63 63 63 63 63 63 63 63 63 
63 63 70 32 62 62 62 62 62 62 62 62 62 62 62 62 62 62 62 62 32 71 63 63 63 63 63 63 63 63 63 63 63 63 63 63 63 63 63 63 63 63 63 63 63 63 63 63 63 63 70 32 62 62 62 62 62 62 62 62 62 62 62 62 62 62 62 62 62 62 62 62 62 32 32 32 32 32 32 32 32 32 32 32 62 62 62 32 71 63 63 63 63 63 63 63 63 63 63 63 
63 63 70 32 62 62 62 62 62 62 62 62 62 62 62 62 62 62 62 62 32 71 63 63 63 63 63 63 63 63 63 63 63 63 63 63 63 63 63 63 63 63 63 63 63 63 63 63 63 63 70 32 62 62 62 62 62 62 62 62 62 62 62 62 62 62 62 62 62 62 62 62 62 62 62 62 62 62 62 62 62 62 62 62 62 62 62 32 71 63 63 63 63 63 63 63 63 63 63 63 
63 63 70 32 62 62 62 62 62 62 62 62 62 62 62 62 62 62 62 62 32 71 63 63 63 63 63 63 63 63 63 63 63 63 63 63 63 63 63 63 63 63 63 63 63 63 63 63 63 63 70 32 62 62 62 62 62 62 62 62 62 62 62 62 62 62 62 62 62 62 62 62 62 62 62 62 62 62 62 62 62 62 62 62 62 62 62 32 71 63 63 63 63 63 63 63 63 63 63 63 
63 63 70 32 62 62 62 62 62 62 62 62 62 62 62 62 62 62 62 62 32 71 63 63 63 63 63 63 63 70 32 32 32 32 32 32 32 32 32 32 32 32 71 63 63 63 63 63 63 63 70 32 62 62 62 62 62 62 62 62 62 62 62 62 62 62 62 62 62 62 62 62 62 62 62 62 62 62 62 62 62 62 62 62 62 62 62 32 71 63 63 63 63 63 63 63 63 63 63 63 
63 63 70 32 62 62 62 62 62 62 62 62 62 62 62 62 62 62 62 62 32 71 63 63 63 63 63 63 63 70 32 62 62 62 62 62 62 62 62 62 62 32 71 63 63 63 63 63 63 63 70 32 62 62 62 62 62 62 62 62 62 62 62 62 62 62 62 62 62 62 62 62 62 32 32 32 32 32 32 32 32 32 32 32 32 32 32 32 71 63 63 63 63 63 63 63 63 63 63 63 
63 63 70 32 62 62 62 62 62 62 62 62 62 62 62 62 62 62 62 62 32 71 63 63 63 63 63 63 63 70 32 62 62 62 62 62 62 62 62 62 62 32 71 63 63 63 63 63 63 63 70 32 62 62 62 62 62 62 62 62 62 62 62 62 62 62 62 62 62 62 62 62 62 32 68 63 63 63 63 63 63 63 63 63 63 63 63 63 63 63 63 63 63 63 63 63 63 63 63 63 
63 63 70 32 62 62 62 62 62 62 62 62 62 62 62 62 62 62 62 62 32 71 63 63 63 63 63 63 63 70 32 62 62 62 62 62 62 62 62 62 62 32 71 63 63 63 63 63 63 63 70 32 62 62 62 62 62 62 62 62 62 62 62 62 62 62 62 62 62 62 62 62 62 32 71 63 63 63 63 63 63 63 63 63 63 63 63 63 63 63 63 63 63 63 63 63 63 63 63 63 
63 63 70 32 62 62 62 62 62 62 62 62 62 62 62 62 62 62 62 62 32 71 63 63 63 63 63 63 63 70 32 62 62 62 62 62 62 62 62 62 62 32 71 63 63 63 63 63 63 63 70 32 32 32 32 32 32 32 32 32 32 62 62 32 32 32 32 32 32 32 32 32 32 32 71 63 63 63 63 63 63 63 63 63 63 63 63 63 63 63 63 63 63 63 63 63 63 63 63 63 
63 63 70 32 62 62 62 62 62 62 62 62 62 62 62 62 62 62 62 62 32 71 63 63 63 63 63 63 63 70 32 62 62 62 62 62 62 62 62 62 62 32 71 63 63 63 63 63 63 63 63 63 63 63 63 63 63 63 63 67 32 62 62 32 68 63 63 63 63 63 63 63 63 63 63 63 63 63 63 63 63 63 63 63 63 63 63 63 63 63 63 63 63 63 63 63 63 63 63 63 
63 63 70 32 32 32 32 32 32 32 32 32 32 32 32 62 62 62 62 32 32 71 63 63 63 63 63 63 63 70 32 32 32 32 32 62 62 32 32 32 32 32 71 63 63 63 63 63 63 63 63 63 63 63 63 63 63 63 63 70 32 62 62 32 71 63 63 63 63 63 63 63 63 63 63 63 63 63 63 63 63 63 63 63 63 63 63 63 63 63 63 63 63 63 63 63 63 63 63 63 
63 63 63 66 66 66 66 66 66 66 66 66 66 67 32 62 62 62 62 32 68 63 63 63 63 63 63 63 63 70 63 63 63 67 32 62 62 32 68 63 63 63 63 63 63 63 63 63 63 63 63 63 70 32 32 32 32 32 32 32 32 62 62 32 32 32 32 32 32 32 32 63 63 63 63 63 63 63 63 63 63 63 63 63 63 63 63 63 63 63 63 63 63 63 63 63 63 63 63 63 
63 63 63 63 63 63 63 63 63 63 63 63 63 70 32 62 62 62 62 32 71 63 63 63 63 70 32 32 32 32 32 32 32 32 32 62 62 32 32 32 32 32 32 32 32 32 71 63 63 63 63 63 70 32 62 62 62 62 62 62 62 62 62 62 62 62 62 62 62 62 32 63 63 63 63 70 32 32 32 32 32 32 32 71 63 63 63 63 63 63 63 63 63 63 63 63 63 63 63 63 
63 63 63 63 63 63 63 63 63 63 63 63 63 70 32 62 62 62 62 32 71 63 63 63 63 70 32 62 62 62 62 62 62 62 62 62 62 62 62 62 62 62 62 62 62 32 71 63 63 63 63 63 70 32 62 62 62 62 62 62 62 62 62 62 62 62 62 62 62 62 32 63 63 63 63 70 32 62 62 62 62 62 32 71 63 63 63 63 63 63 63 63 63 63 63 63 63 63 63 63 
63 63 63 63 63 63 63 63 63 63 63 63 63 70 32 62 62 62 62 32 71 63 63 63 63 70 32 62 62 62 62 62 62 62 62 62 62 62 62 62 62 62 62 62 62 32 71 63 63 63 63 63 70 32 62 62 62 62 62 62 62 62 62 62 62 62 62 62 62 62 32 63 63 63 63 70 32 62 62 62 62 62 32 71 63 63 63 63 63 63 63 63 63 63 63 63 63 63 63 63 
63 63 63 63 63 63 63 63 63 63 63 63 63 70 32 62 62 62 62 32 32 32 32 32 32 32 32 62 62 62 62 62 62 62 62 62 62 62 62 62 62 62 62 62 62 32 32 32 32 32 32 32 32 32 62 62 62 62 62 62 62 62 62 62 62 62 62 62 62 62 32 32 32 32 32 32 32 62 62 62 62 62 32 71 63 63 63 63 63 63 63 63 63 63 63 63 63 63 63 63 
63 63 63 63 63 63 63 63 63 63 63 63 63 70 32 62 62 62 62 62 62 62 62 62 62 62 62 62 62 62 62 62 62 62 62 62 62 62 62 62 62 62 62 62 62 62 62 62 62 62 62 62 62 62 62 62 62 62 62 62 62 62 62 62 62 62 62 62 62 62 62 62 62 62 62 62 62 62 62 62 62 62 32 71 63 63 63 63 63 63 63 63 63 63 63 63 63 63 63 63 
63 63 63 63 63 63 63 63 63 63 63 63 63 70 32 62 62 62 62 62 62 62 62 62 62 62 62 62 62 62 62 62 62 62 62 62 62 62 62 62 62 62 62 62 62 62 62 62 62 62 62 62 62 62 62 62 62 62 62 62 62 62 62 62 62 62 62 62 62 62 62 62 62 62 62 62 62 62 62 62 62 62 32 71 63 63 63 63 63 63 63 63 63 63 63 63 63 63 63 63 
63 63 63 63 63 63 63 63 63 63 63 63 63 70 32 62 62 62 62 62 62 62 62 62 62 62 62 62 62 62 62 62 62 62 62 62 62 62 62 62 62 62 62 62 62 62 62 62 62 62 62 62 62 62 62 62 62 62 62 62 62 62 62 62 62 62 62 62 62 62 32 32 32 32 32 32 32 62 62 62 62 62 32 71 63 63 63 63 63 63 63 63 63 63 63 63 63 63 63 63 
63 63 63 63 63 63 63 63 63 63 63 63 63 70 32 32 32 32 32 32 32 32 32 32 32 32 32 62 62 62 62 62 62 62 62 62 62 62 62 62 62 62 62 62 62 32 32 32 32 32 32 32 32 32 62 62 62 62 62 62 62 62 62 62 62 62 62 62 62 62 32 68 66 66 66 67 32 62 62 62 62 62 32 71 63 63 63 63 63 63 63 63 63 63 63 63 63 63 63 63 
63 63 63 63 63 63 63 63 63 63 63 63 63 63 66 66 66 66 66 66 66 66 66 66 66 67 32 62 62 62 62 62 62 62 62 62 62 62 62 62 62 62 62 62 62 32 68 63 63 63 63 63 67 32 62 62 62 62 62 62 62 62 62 62 62 62 62 62 62 62 32 71 63 63 63 70 32 62 62 62 62 62 32 71 63 63 63 63 63 63 63 63 63 63 63 63 63 63 63 63 
63 63 63 63 63 63 63 63 63 63 63 63 63 63 63 63 63 63 63 63 63 63 63 63 63 70 32 62 62 62 62 62 62 62 62 62 62 62 62 62 62 62 62 62 62 32 71 63 63 63 63 63 69 32 32 32 32 32 32 32 32 32 32 32 32 32 32 32 32 32 32 71 63 63 63 70 32 32 32 32 32 32 32 71 63 63 63 63 63 63 63 63 63 63 63 63 63 63 63 63 
63 63 63 63 63 63 63 63 63 63 63 63 63 63 63 63 63 63 63 63 63 63 63 63 63 70 32 32 32 32 32 32 32 32 32 62 62 32 32 32 32 32 32 32 32 32 71 63 63 63 63 63 63 66 66 66 66 66 66 66 66 66 66 66 66 66 66 66 66 66 66 63 63 63 63 63 63 63 63 63 63 63 63 63 63 63 63 63 63 63 63 63 63 63 63 63 63 63 63 63 
63 63 63 63 63 63 63 63 63 63 63 63 63 63 63 63 63 63 63 63 63 63 63 63 63 63 66 66 66 66 66 66 66 67 3 3 3 3 68 66 66 66 66 66 66 66 63 63 63 63 63 63 63 63 63 63 63 63 63 63 63 63 63 63 63 63 63 63 63 63 63 63 63 63 63 63 63 63 63 63 63 63 63 63 63 63 63 63 63 63 63 63 63 63 63 63 63 63 63 32 
63 63 63 63 63 63 63 63 63 63 63 63 63 63 63 63 63 63 63 63 63 63 63 63 63 63 63 63 63 63 63 63 63 70 3 3 3 3 71 63 63 63 63 63 63 63 63 63 63 63 63 63 63 63 63 63 63 63 63 63 63 63 63 63 63 63 63 63 63 63 63 63 63 63 63 63 63 63 63 63 63 63 63 63 63 63 63 63 63 63 63 63 63 63 63 63 63 63 63 32 
63 63 63 63 63 63 63 63 63 63 63 63 63 63 63 63 63 63 63 63 63 63 63 63 63 63 63 63 63 63 63 63 63 70 3 3 3 3 71 63 63 63 63 63 63 63 63 63 63 63 63 63 63 63 63 63 63 63 63 63 63 63 63 63 63 63 63 63 63 63 63 63 63 63 63 63 63 63 63 63 63 63 63 63 63 63 63 63 63 63 63 63 63 63 63 63 63 63 63 32 
63 63 63 63 63 63 63 63 63 63 63 63 63 63 63 63 63 63 63 63 63 63 63 63 63 63 63 63 63 63 63 63 63 70 3 3 3 3 71 63 63 63 63 63 63 63 63 63 63 63 63 63 63 63 63 63 63 63 63 63 63 63 63 63 63 63 63 63 63 63 63 63 63 63 63 63 63 63 63 63 63 63 63 63 63 63 63 63 63 63 63 63 63 63 63 63 63 63 63 32 
63 63 63 63 63 63 63 63 63 63 63 63 63 63 63 63 63 63 63 63 63 63 63 63 63 63 63 63 63 63 63 63 63 70 3 3 3 3 71 63 63 63 63 63 63 63 63 63 63 63 63 63 63 63 63 63 63 63 63 63 63 63 63 63 63 63 63 63 63 63 63 63 63 63 63 63 63 63 63 63 63 63 63 63 63 63 63 63 63 63 63 63 63 63 63 63 63 63 63 32 
63 63 63 63 63 63 63 63 63 63 63 63 63 63 63 63 63 63 63 63 63 63 63 63 63 63 63 63 63 63 63 63 63 70 3 3 3 3 71 63 63 63 63 63 63 63 63 63 63 63 63 63 63 63 63 63 63 63 63 63 63 63 63 63 63 63 63 63 63 63 63 63 63 63 63 63 63 63 63 63 63 63 63 63 63 63 63 63 63 63 63 63 63 63 63 63 63 63 63 32 
63 63 63 63 63 63 63 63 63 63 63 63 63 63 63 63 63 63 63 63 63 63 63 63 63 63 63 63 63 63 63 63 63 70 3 3 3 3 71 63 63 63 63 63 63 63 63 63 63 63 63 63 63 63 63 63 63 63 63 63 63 63 63 63 63 63 63 63 63 63 63 63 63 63 63 63 63 63 63 63 63 63 63 63 63 63 63 63 63 63 63 63 63 63 63 63 63 63 63 32 
63 63 63 63 63 63 63 63 63 63 63 63 63 63 63 63 63 63 63 63 63 63 63 63 63 63 63 63 63 63 63 63 63 70 3 3 3 3 71 63 63 63 63 63 63 63 63 63 63 63 63 63 63 63 63 63 63 63 63 63 63 63 63 63 63 63 63 63 63 63 63 63 63 63 63 63 63 63 63 63 63 63 63 63 63 63 63 63 63 63 63 63 63 63 63 63 63 63 63 32 
63 63 63 63 63 63 63 63 63 63 63 63 63 63 63 63 63 63 63 63 63 63 63 63 63 63 63 63 63 63 63 63 63 70 3 3 3 3 71 63 63 63 63 63 63 63 63 63 63 63 63 63 63 63 63 63 63 63 63 32 32 32 32 32 32 32 32 32 32 32 32 32 32 32 32 32 32 32 32 32 32 32 32 32 32 32 32 32 32 32 32 32 32 32 32 32 32 32 32 32 
