18 18 18 18 18 18 18 18 18 18 18 18 18 18 18 18 18 18 18 18 18 18 18 18 18 18 18 18 18 18 18 18 18 18 18 18 18 18 18 18 18 18 18 18 18 18 18 18 18 18 18 18 18 18 18 18 18 18 18 18 18 18 18 18 18 18 18 18 18 18 18 18 18 18 18 18 18 18 18 18 18 18 18 18 18 18 18 18 18 18 18 18 18 18 18 18 18 18 18 18 
18 18 18 18 18 18 18 18 18 18 18 18 18 18 18 18 18 18 18 18 18 18 18 18 18 18 18 18 18 18 18 18 18 18 18 18 18 18 18 18 18 18 18 18 18 18 18 18 18 18 18 18 18 18 18 18 18 18 18 18 18 18 18 18 18 18 18 18 18 18 18 18 18 18 18 18 18 18 18 18 18 18 18 18 18 18 18 18 18 18 18 18 18 18 18 18 18 18 18 18 
18 18 18 18 18 18 18 18 18 18 18 18 18 18 18 18 18 18 18 18 18 18 18 18 18 18 18 18 18 18 18 18 18 18 18 18 18 18 18 18 18 18 18 18 18 18 18 18 18 18 18 18 18 18 18 18 18 18 18 18 18 18 18 18 18 18 18 18 18 18 18 18 18 18 19 18 18 18 18 18 18 18 18 18 18 18 18 18 18 18 18 18 18 18 18 18 18 18 18 18 
18 18 18 18 18 18 18 18 18 18 18 18 18 18 18 18 18 18 18 18 18 18 18 18 18 18 18 18 18 18 18 18 18 18 18 18 18 18 18 18 18 18 18 18 18 18 18 18 18 18 18 18 18 18 18 18 18 18 18 18 19 19 18 18 18 18 18 18 18 18 18 18 18 18 19 19 19 18 18 18 18 18 18 18 18 18 19 19 19 18 18 18 18 18 18 18 18 18 18 18 
18 18 18 18 18 18 18 18 18 18 18 18 18 18 18 18 18 18 18 18 18 18 18 18 18 18 18 18 18 18 18 18 18 18 18 18 18 18 18 18 18 18 18 18 18 18 18 18 18 18 18 18 18 18 18 18 18 18 18 18 18 19 19 18 18 18 18 18 18 18 18 18 18 18 18 18 19 19 19 19 18 18 18 18 18 18 18 18 18 18 18 18 18 18 18 18 18 18 18 18 
18 18 18 18 18 18 18 18 18 18 18 18 18 18 18 18 18 18 18 18 18 18 18 18 18 18 18 18 18 18 18 18 18 18 18 18 18 18 18 18 18 18 18 18 18 18 18 18 18 18 18 18 18 18 18 18 18 18 18 18 18 18 18 18 18 18 18 18 18 18 18 18 18 18 18 18 18 18 19 19 18 18 18 18 18 18 18 18 18 18 18 18 18 18 18 18 18 18 18 18 
18 18 18 18 18 18 18 18 18 18 18 18 18 18 18 18 18 18 18 18 18 18 18 18 18 18 18 18 18 18 18 18 18 18 18 18 18 18 18 18 18 18 18 18 18 18 18 18 18 18 18 18 18 18 18 18 18 18 18 18 18 18 18 18 18 18 18 18 18 18 18 18 18 18 18 18 18 18 18 18 18 18 18 18 18 18 18 18 18 18 18 18 18 18 18 18 18 18 18 18 
19 19 19 19 19 19 19 19 19 19 19 19 19 19 19 19 19 19 19 19 19 19 19 19 19 19 19 19 19 19 19 19 18 18 18 18 18 18 18 18 18 18 18 18 18 18 18 18 18 18 18 18 18 18 18 18 18 28 26 26 26 26 26 26 26 26 26 26 26 26 26 26 26 26 26 26 26 26 26 26 26 26 26 26 26 26 26 26 26 26 26 26 29 18 18 18 18 18 18 18 
19 19 19 19 19 19 19 19 19 19 19 19 19 19 19 19 19 19 19 19 19 19 19 19 19 19 19 19 19 19 19 19 18 18 18 18 18 18 18 18 18 18 18 18 18 18 18 18 18 18 18 18 18 18 18 18 18 24 32 32 32 32 32 32 32 32 32 32 32 32 32 32 32 32 32 32 32 32 32 32 32 32 32 32 32 32 32 32 32 32 32 32 23 18 18 18 18 18 18 18 
19 19 19 19 19 19 19 19 19 19 19 19 19 19 19 19 19 19 19 19 19 19 19 19 19 19 19 19 19 19 19 19 18 18 18 18 18 18 18 18 18 18 18 18 18 18 18 18 18 18 18 18 18 18 18 18 18 24 32 34 34 34 34 34 34 34 34 34 34 34 34 34 34 34 34 34 34 34 34 34 34 34 34 34 34 34 34 34 34 34 34 32 23 18 18 18 18 18 18 18 
19 19 19 19 19 19 19 19 19 19 19 19 19 19 19 19 19 19 19 19 19 19 19 19 19 19 19 19 19 19 19 19 18 18 18 18 18 18 18 18 18 18 18 18 18 18 18 18 18 18 18 18 18 18 18 18 18 24 32 34 34 34 34 34 34 34 34 34 34 34 34 34 34 34 34 34 34 34 34 34 34 34 34 34 34 34 34 34 34 34 34 32 23 18 18 18 18 18 18 18 
19 19 19 19 19 19 19 19 19 19 19 19 19 19 19 19 19 19 19 19 19 19 19 19 19 19 19 19 19 19 19 19 18 18 18 18 18 18 18 18 18 18 18 18 18 18 18 18 18 18 18 18 18 18 18 18 18 24 32 34 34 34 34 34 34 34 34 34 34 34 34 34 34 34 34 34 34 34 34 34 34 34 34 34 34 34 34 34 34 34 34 32 23 18 18 18 18 18 18 18 
19 19 19 19 19 19 19 19 19 19 19 19 19 19 19 19 19 19 19 19 19 19 19 19 19 19 19 19 19 19 19 19 18 18 18 18 18 18 18 18 18 18 18 18 18 18 18 18 18 18 18 18 18 18 18 18 18 24 32 34 34 34 34 34 34 34 34 34 34 34 34 34 34 34 34 34 34 34 34 34 34 34 34 34 34 34 34 34 34 34 34 32 23 18 18 18 19 19 18 18 
19 19 19 19 19 19 19 19 19 19 19 19 19 19 19 19 19 19 19 19 19 19 19 19 19 19 19 19 19 19 19 19 18 18 18 18 18 18 18 18 18 18 18 18 18 18 18 18 18 18 18 18 18 18 18 19 18 24 32 34 34 34 34 34 34 34 34 34 34 34 34 34 34 34 34 34 34 34 34 34 34 34 34 34 34 34 34 34 34 34 34 32 23 18 18 18 18 18 18 18 
19 19 19 19 19 19 19 19 19 19 19 19 19 19 19 19 19 19 19 19 19 19 19 19 19 19 19 19 19 19 19 19 18 18 18 18 18 18 18 18 18 18 18 18 18 18 18 18 18 18 18 18 18 18 18 18 18 24 32 34 34 34 34 34 34 34 34 34 34 34 34 34 34 34 34 34 34 34 34 34 34 34 34 34 34 34 34 34 34 34 34 32 23 18 18 18 18 18 18 18 
19 19 19 19 19 19 19 19 19 19 19 19 19 19 19 19 19 19 19 19 19 19 19 19 19 19 19 19 19 19 19 19 19 19 18 18 18 18 19 18 18 18 18 18 18 18 18 18 18 18 18 18 18 18 18 18 18 24 32 34 34 34 34 34 34 34 34 34 34 34 34 34 34 34 34 34 34 34 34 34 34 34 34 34 34 34 34 34 34 34 34 32 23 18 18 18 18 19 18 18 
19 19 19 19 19 19 19 19 19 19 19 19 19 19 19 19 19 19 19 19 19 19 19 19 19 19 19 19 19 19 19 19 18 18 18 18 18 18 18 18 18 18 18 18 18 18 18 18 18 18 18 18 18 18 18 19 18 24 32 32 32 32 32 32 32 32 32 32 32 32 32 32 32 32 32 34 34 34 34 34 34 34 34 34 34 34 34 34 34 34 34 32 23 18 18 18 18 18 18 18 
19 19 19 19 19 19 19 19 19 19 19 19 19 19 19 19 19 19 19 19 19 19 19 19 19 19 19 19 19 19 19 19 18 18 18 18 18 18 18 18 18 18 19 18 18 18 18 18 18 18 18 18 19 18 18 19 18 24 32 34 34 34 34 34 34 34 34 34 34 34 34 34 34 34 32 34 34 34 34 34 34 34 34 34 34 34 34 34 34 34 34 32 23 18 19 18 18 18 18 18 
19 19 19 19 19 19 19 19 19 19 19 19 19 19 19 19 19 19 19 19 19 19 19 19 19 19 19 19 19 19 19 19 18 18 18 18 18 18 18 18 18 18 19 18 18 18 18 18 18 18 18 18 18 18 18 18 18 24 32 34 35 34 35 34 35 34 35 34 35 34 35 34 35 34 32 34 34 34 34 34 34 34 34 34 34 34 34 34 34 34 34 32 23 18 18 18 19 19 18 18 
19 19 19 19 19 19 19 19 19 19 19 19 19 19 19 19 19 19 19 19 19 19 19 19 19 19 19 19 19 19 19 19 18 18 18 18 18 18 18 18 18 19 19 18 18 18 18 18 18 18 18 18 18 18 18 18 18 24 32 34 34 34 34 34 34 34 34 34 34 34 34 34 34 34 32 34 34 34 34 34 34 34 34 34 34 34 34 34 34 34 34 32 23 18 18 18 18 18 18 18 
19 19 19 19 19 19 19 19 19 19 19 19 19 19 19 19 19 19 19 19 19 19 19 19 19 19 19 19 19 19 19 19 18 18 18 18 18 18 18 18 18 18 18 18 18 18 18 18 18 18 18 18 18 18 18 18 19 24 32 34 35 34 35 34 35 34 35 34 35 34 35 34 35 34 32 34 34 34 34 34 34 34 34 34 34 34 34 34 34 34 34 32 23 18 18 18 18 18 18 18 
19 19 19 19 19 19 19 19 19 19 19 19 19 19 19 19 19 19 19 19 19 19 19 19 19 19 19 19 19 19 19 19 18 18 18 18 18 18 18 18 18 18 18 18 18 18 18 18 18 18 18 18 18 18 18 18 18 24 32 34 34 34 34 34 34 34 34 34 34 34 34 34 34 34 32 34 34 34 34 34 34 34 34 34 34 34 34 34 34 34 34 32 23 18 18 18 18 19 18 18 
19 19 19 19 19 19 19 19 19 19 19 19 19 19 19 19 19 19 19 19 19 19 19 19 19 19 19 19 19 19 19 19 18 18 18 18 18 18 18 18 19 19 19 19 19 18 18 18 18 18 18 18 18 18 18 18 18 24 32 34 35 34 35 34 35 34 35 34 35 34 35 34 35 34 32 34 34 34 34 34 34 34 34 34 34 34 34 34 34 34 34 32 23 18 18 18 18 19 18 18 
19 19 19 19 19 19 19 19 19 19 19 19 19 19 19 19 19 19 19 19 19 19 19 19 19 19 19 19 19 19 19 19 18 18 18 18 18 18 18 18 19 18 18 18 18 18 18 18 18 18 18 18 18 18 18 19 18 24 32 34 34 34 34 34 34 34 34 34 34 34 34 34 34 34 34 34 34 34 34 34 34 34 34 34 34 34 34 34 34 34 34 32 23 18 18 18 18 19 18 18 
19 19 19 19 19 19 19 19 19 19 19 19 19 19 19 19 19 19 19 19 19 19 19 19 19 19 19 19 19 19 19 19 18 18 18 18 18 18 18 18 19 18 18 18 18 18 18 18 18 18 18 18 18 18 18 18 18 24 32 34 35 34 35 34 35 34 35 34 35 34 35 34 35 34 34 34 34 34 34 34 34 34 34 34 34 34 34 34 34 34 34 32 23 18 18 19 18 18 18 18 
18 18 18 18 18 18 18 18 18 18 18 18 18 18 18 18 18 18 18 18 18 18 18 18 18 18 18 18 18 18 18 18 18 18 18 18 18 18 18 18 18 18 18 18 18 18 18 18 18 18 18 18 18 18 18 18 18 24 32 34 34 34 34 34 34 34 34 34 34 34 34 34 34 34 32 34 34 34 34 34 34 34 34 34 34 34 34 34 34 34 34 32 23 18 19 18 18 18 18 18 
18 18 18 18 18 18 18 18 18 18 18 18 18 18 18 18 18 18 18 18 18 18 18 19 18 18 18 18 18 18 18 18 18 18 18 18 18 18 18 18 18 18 18 18 18 18 18 18 18 18 18 18 18 18 18 18 18 24 32 34 34 34 34 34 34 34 34 34 34 34 34 34 34 34 32 34 34 34 34 34 34 34 34 34 34 34 34 34 34 34 34 32 23 18 18 18 18 18 18 18 
18 18 18 18 18 18 18 18 18 18 18 18 18 18 18 18 18 18 18 18 18 18 18 19 18 18 18 18 18 18 18 18 18 18 18 18 18 18 18 18 18 18 18 18 18 18 18 18 18 18 18 18 18 18 18 18 18 24 32 32 32 32 32 32 32 32 32 32 32 32 32 32 32 32 32 32 32 32 32 32 32 32 32 32 32 32 32 32 32 32 32 32 23 18 18 18 18 18 18 18 
18 18 18 18 18 18 18 18 18 18 18 18 18 18 18 18 18 18 18 18 18 18 18 18 19 19 18 18 18 18 18 18 19 18 18 18 18 18 18 18 18 18 18 18 18 18 18 18 18 18 18 18 18 18 18 18 18 30 21 21 21 21 21 21 21 21 21 21 21 21 21 21 21 21 21 21 21 21 21 21 21 21 21 21 21 21 21 21 21 21 21 21 31 18 18 18 18 18 18 18 
18 18 18 18 18 18 18 18 18 18 18 18 18 18 18 18 18 18 18 18 18 18 18 18 18 19 18 18 18 18 18 19 19 18 18 18 18 18 18 18 18 18 18 18 18 18 18 18 18 18 18 18 18 18 18 18 18 18 18 18 18 18 18 18 18 18 18 18 18 18 18 18 18 19 18 18 18 18 18 18 18 18 18 18 18 18 18 18 18 18 19 18 18 18 18 19 18 18 18 18 
18 18 18 18 18 18 18 18 18 18 18 18 18 18 18 18 18 18 18 18 18 18 18 18 18 18 18 18 18 18 18 18 18 18 18 18 18 18 18 18 18 18 18 18 18 18 18 18 18 18 18 18 18 18 18 18 18 18 18 18 18 18 18 18 18 18 18 18 18 18 18 18 18 18 18 18 18 18 18 18 18 18 18 18 18 18 18 18 18 18 18 18 18 18 18 18 18 18 18 18 
18 18 18 18 18 18 18 18 18 18 18 18 18 18 18 18 18 18 18 18 18 18 18 18 18 18 18 18 18 18 18 18 18 18 18 18 18 18 18 18 18 18 18 18 18 18 18 18 18 18 18 18 18 18 18 18 18 18 18 18 18 18 18 18 18 18 18 18 18 18 19 19 18 18 18 18 18 18 18 18 18 18 18 18 18 18 18 18 18 18 18 18 18 18 18 18 18 18 18 18 
18 18 18 18 18 18 18 18 18 18 18 18 18 18 18 18 18 18 18 18 18 18 18 18 18 18 18 18 18 18 18 18 18 18 18 18 18 18 18 18 18 18 18 18 18 18 18 18 18 18 18 18 18 18 18 18 18 18 18 18 18 18 18 18 18 18 18 18 18 18 18 19 19 18 18 18 18 18 18 18 18 18 18 18 18 18 18 18 18 18 18 18 18 18 18 18 18 18 18 18 
18 18 18 18 18 18 18 18 18 18 18 18 18 18 18 18 18 18 18 18 18 18 18 18 18 18 18 18 18 18 18 18 18 18 18 18 18 18 18 18 18 18 18 18 18 18 18 18 18 18 18 18 18 18 18 18 18 18 18 18 18 19 19 19 19 18 19 19 19 18 18 18 18 18 18 18 18 18 18 18 18 18 18 18 18 18 18 18 18 18 18 18 18 18 18 18 18 18 18 18 
18 18 18 18 18 18 18 18 18 18 18 18 18 18 18 18 18 18 18 18 18 18 18 18 18 18 18 18 18 18 18 18 18 18 18 18 18 18 18 18 18 18 18 18 18 18 18 18 18 18 18 18 18 18 18 18 18 18 18 18 18 18 18 18 18 18 18 18 18 18 19 19 19 19 19 19 18 18 18 18 18 18 18 18 18 18 18 18 18 18 18 18 18 18 18 18 18 18 18 18 
18 18 18 18 18 18 18 18 18 18 18 18 18 18 18 18 18 18 18 18 18 18 18 18 18 18 18 18 18 18 18 18 18 18 18 18 18 18 18 18 18 18 18 18 18 18 18 18 18 18 18 18 18 18 18 18 18 18 18 18 18 18 18 18 18 18 18 18 18 18 18 18 18 18 18 18 18 18 18 18 18 18 19 18 18 18 18 18 18 18 18 18 18 18 18 18 18 18 18 18 
18 18 18 18 18 18 18 18 18 18 18 18 18 18 18 18 18 18 18 18 18 18 18 18 18 18 18 18 18 18 18 18 18 18 18 18 18 18 18 18 18 18 18 18 18 18 18 18 18 18 18 18 18 18 18 18 18 18 18 18 18 18 18 18 18 18 18 18 18 18 18 18 18 18 18 18 18 18 18 18 18 18 18 18 18 18 18 18 18 18 19 19 18 18 18 18 18 18 18 18 
18 18 18 18 18 18 18 18 18 18 18 18 18 18 18 18 18 18 18 18 18 18 18 18 18 18 18 18 18 18 18 18 18 18 18 18 18 18 18 18 18 18 18 18 18 18 18 18 18 18 18 18 18 18 18 18 18 18 18 18 18 18 18 18 18 18 18 18 18 18 18 18 18 18 18 18 18 18 18 18 18 18 18 18 18 18 18 18 18 19 18 18 18 18 18 18 18 18 18 18 
18 18 18 18 18 18 18 18 18 18 18 18 18 18 18 18 18 18 18 28 26 26 26 26 26 26 26 26 26 26 26 26 26 26 26 26 26 26 26 26 26 26 26 26 26 26 26 29 18 18 18 18 18 18 18 18 18 18 18 18 18 18 18 18 18 18 18 18 18 18 18 18 18 18 18 18 18 18 18 18 18 18 18 18 18 18 18 18 18 18 18 18 18 18 18 18 18 18 18 18 
18 18 18 18 18 18 18 18 18 18 18 18 18 18 18 18 18 18 18 24 32 32 32 32 32 32 32 32 32 32 32 32 32 32 32 32 32 32 32 32 32 32 32 32 32 32 32 23 28 26 26 26 26 26 29 18 18 18 18 18 18 18 18 18 18 18 18 18 18 18 18 18 18 18 18 18 18 18 18 18 18 18 18 19 18 18 18 18 18 18 18 18 18 18 18 18 18 18 18 18 
18 18 18 18 18 18 18 18 18 18 18 18 18 18 19 18 18 18 18 24 32 34 34 34 34 34 34 34 34 34 34 34 34 34 34 34 34 34 34 34 34 34 34 34 34 34 32 23 24 32 32 32 32 32 23 18 18 18 18 18 18 18 18 18 18 18 18 18 18 18 18 18 18 18 18 18 18 18 18 18 18 18 18 19 18 18 18 18 18 18 18 18 18 18 18 18 18 18 18 18 
18 18 18 18 18 18 18 18 18 18 18 18 18 18 19 18 18 18 18 24 32 34 34 34 34 34 34 34 34 34 34 34 34 34 34 34 34 34 34 34 34 34 34 34 34 34 32 23 24 32 34 34 34 32 23 18 18 18 18 18 18 18 18 18 18 18 18 18 18 18 18 18 18 18 18 18 18 18 18 18 18 18 18 18 18 18 18 18 18 18 18 18 18 18 18 18 18 18 18 18 
18 18 19 19 18 18 18 18 18 18 18 18 18 19 18 18 18 18 18 24 32 34 34 34 34 34 34 34 34 34 34 34 34 34 34 34 34 34 34 34 34 34 34 34 34 34 32 25 27 32 34 34 34 32 23 18 18 18 18 18 18 18 18 18 18 18 18 18 18 18 18 18 18 18 18 18 18 19 18 18 18 18 18 18 18 18 18 18 18 18 18 18 18 18 18 18 18 18 18 18 
18 18 18 19 18 18 18 19 18 18 18 18 19 18 18 18 18 18 18 24 32 34 34 34 34 34 34 34 34 34 34 34 34 34 34 34 34 34 34 34 34 34 34 34 34 34 32 32 32 32 34 61 59 32 23 18 18 18 18 18 18 18 18 18 18 18 18 18 18 18 18 18 18 18 18 18 18 18 18 18 18 18 18 18 19 18 18 18 18 18 18 18 18 18 18 18 18 18 18 18 
18 18 18 19 19 18 18 19 18 18 18 18 18 18 18 18 18 18 18 24 32 34 34 34 34 34 34 34 34 34 34 34 34 34 34 34 34 34 34 34 34 34 34 34 34 34 34 34 34 34 34 57 58 32 23 18 18 18 18 18 18 18 18 18 18 18 18 18 18 18 18 18 18 18 18 18 18 18 18 18 18 18 18 18 19 18 18 18 18 18 18 18 19 18 18 18 18 18 18 18 
18 18 18 18 19 18 18 19 19 19 19 18 18 18 18 18 18 18 18 24 32 34 34 34 34 34 34 34 34 34 34 34 34 34 34 34 34 34 34 34 34 34 34 34 34 34 34 34 34 34 34 56 60 32 23 18 18 18 18 18 18 18 18 18 18 18 18 18 19 19 18 18 18 18 18 18 18 18 18 18 18 18 18 18 18 18 19 18 18 18 18 18 19 18 18 18 18 18 18 18 
18 18 18 18 18 18 18 18 18 18 18 18 18 18 18 18 18 18 18 24 32 34 34 34 34 34 34 34 34 34 34 34 34 34 34 34 34 34 34 34 34 34 34 34 34 34 32 32 32 32 34 34 34 32 23 18 18 18 18 18 18 18 18 18 18 19 19 19 18 18 18 18 18 18 18 18 18 18 18 18 18 18 18 18 18 18 18 18 19 19 19 18 19 18 18 18 18 18 18 18 
18 18 18 18 18 18 18 18 18 18 18 18 18 18 18 18 18 18 18 24 32 34 34 34 34 34 34 34 34 34 34 34 34 34 34 34 34 34 34 34 34 34 34 34 34 34 32 20 22 32 34 34 34 32 23 18 18 18 18 18 18 18 18 18 19 19 18 18 18 18 18 18 18 18 18 18 18 18 18 18 19 18 18 18 18 19 18 18 18 18 18 18 18 18 18 18 18 18 18 18 
18 18 18 18 18 18 18 18 18 18 18 18 18 18 18 18 18 18 18 24 32 34 34 34 34 34 34 34 34 34 34 34 34 34 34 34 34 34 34 34 34 34 34 34 34 34 32 23 24 32 32 32 32 32 23 18 18 18 18 18 18 18 18 18 18 18 18 18 18 18 18 18 18 18 18 18 18 18 18 18 18 18 18 18 19 19 18 18 18 18 18 18 18 18 18 18 18 18 18 18 
18 18 18 18 18 18 18 18 18 18 18 18 19 18 18 18 18 18 18 24 32 34 34 34 34 34 34 34 34 34 34 34 34 34 34 34 34 34 34 34 34 34 34 34 34 34 32 23 30 21 21 21 21 21 31 18 18 18 18 18 18 18 18 18 18 18 18 18 18 18 18 18 18 18 18 18 18 18 18 18 18 18 18 18 18 18 18 18 18 18 18 18 18 18 18 18 18 18 18 18 
18 19 18 18 18 18 18 18 18 18 18 18 18 18 18 18 18 18 18 24 32 34 34 34 32 32 32 32 32 32 32 32 32 32 32 32 32 32 32 32 32 32 32 32 32 32 32 23 18 18 18 18 18 18 18 18 18 18 18 18 18 18 18 18 18 18 18 18 18 18 18 18 18 18 18 18 18 18 18 18 18 18 18 18 18 18 18 18 18 18 18 18 18 18 18 18 18 18 18 18 
18 18 18 18 18 18 18 18 18 18 18 18 18 18 18 18 18 18 18 24 32 34 34 34 34 32 32 32 32 32 32 20 21 21 21 21 21 21 21 21 21 21 21 21 21 21 21 31 18 18 18 18 18 18 18 18 18 18 18 18 18 18 18 18 18 18 18 18 18 18 18 18 18 18 18 18 18 18 18 18 18 18 18 18 18 18 18 18 18 18 18 18 18 18 18 18 18 18 18 18 
18 18 18 18 18 18 18 18 19 19 19 18 18 18 18 18 18 18 18 24 32 32 32 34 34 34 34 34 32 32 32 23 18 18 18 18 18 18 18 18 18 18 18 18 18 18 18 18 18 18 18 18 18 18 18 18 18 18 18 18 18 18 18 18 18 18 18 18 18 18 18 18 18 18 18 18 18 18 18 18 18 18 18 18 18 18 18 18 18 18 18 18 18 18 18 18 18 18 18 18 
18 18 18 18 18 18 18 18 18 18 18 18 18 18 18 18 18 18 18 30 21 22 32 32 34 34 34 34 34 34 32 23 18 18 18 18 18 18 18 18 18 18 18 18 18 18 18 18 18 18 18 18 18 18 18 18 18 18 18 18 18 18 18 18 18 18 18 18 18 18 18 18 18 18 18 18 18 18 18 18 18 18 18 18 18 18 18 18 18 18 18 18 18 18 18 18 18 18 18 18 
18 18 18 18 19 18 18 18 18 18 18 18 19 19 18 18 18 18 18 18 18 30 22 32 32 32 32 34 34 34 32 23 18 18 18 18 18 18 18 18 18 18 18 18 18 18 18 18 18 18 18 18 18 18 19 18 18 18 19 19 18 18 18 18 18 18 18 18 18 18 18 18 18 18 18 18 18 18 18 18 18 18 18 18 18 18 18 18 19 18 18 18 18 18 18 18 18 18 18 18 
18 18 18 18 19 18 18 18 18 18 18 18 18 18 18 18 18 18 18 18 18 18 30 21 21 22 32 32 34 34 32 23 18 18 18 18 18 18 18 18 18 18 18 18 18 18 18 18 18 18 18 18 18 18 19 19 18 18 19 18 18 18 18 18 18 18 18 19 18 18 18 18 18 18 18 18 18 19 18 18 18 18 18 18 18 18 18 18 18 19 19 19 18 18 18 19 18 18 18 18 
18 18 18 18 18 18 18 18 18 18 18 18 18 18 18 18 18 18 18 18 18 18 18 26 26 27 32 32 34 34 32 25 26 26 26 26 26 29 18 18 18 18 18 18 18 18 18 18 18 18 18 18 18 18 18 19 19 19 19 18 18 18 18 18 18 18 18 18 18 18 18 18 18 18 18 18 18 18 18 18 18 18 18 18 18 18 18 18 18 19 19 18 18 18 18 18 18 18 18 18 
18 18 18 18 18 18 18 18 18 18 18 18 18 18 18 18 18 18 18 18 18 18 24 32 32 32 32 32 34 34 32 32 32 32 32 32 32 23 18 18 18 18 18 18 18 18 18 18 18 18 18 18 18 18 18 18 19 19 18 18 18 18 18 18 18 18 18 18 18 18 18 18 18 18 18 18 18 18 18 18 19 18 18 18 18 18 18 18 18 18 18 18 18 18 18 18 18 18 18 18 
18 18 18 18 18 18 18 18 18 18 18 18 18 18 18 18 18 18 18 18 18 18 24 32 34 34 34 34 34 34 34 34 34 34 34 34 32 23 18 18 18 18 18 18 18 18 18 18 18 18 18 18 18 18 18 18 18 18 18 18 18 18 18 18 18 18 18 19 18 18 18 18 18 18 18 18 18 18 18 18 18 19 18 18 18 18 18 18 18 18 18 18 18 18 18 18 18 18 18 18 
18 18 18 18 18 18 18 18 18 18 18 18 18 18 18 18 18 18 18 18 18 18 24 32 34 34 34 34 34 34 34 34 34 34 34 34 32 23 18 18 18 18 18 18 18 18 18 18 18 18 18 18 18 18 18 18 18 18 18 18 18 18 18 18 18 18 19 19 18 18 18 18 18 18 18 18 18 18 18 18 18 18 18 18 18 18 18 18 18 18 18 18 18 18 18 18 18 18 18 18 
18 18 18 18 18 18 18 18 18 18 18 18 18 18 18 18 18 18 18 18 18 18 24 32 34 34 34 34 34 34 34 34 34 34 34 34 32 23 18 18 18 18 18 18 18 18 18 18 18 18 18 18 18 18 18 18 18 18 18 18 18 18 18 18 18 18 18 18 18 18 18 18 18 18 18 18 18 18 18 18 18 18 18 18 18 18 18 18 18 18 18 18 18 18 18 18 18 18 18 18 
18 18 18 18 18 18 18 18 18 18 18 19 19 18 18 18 18 18 18 18 18 18 24 32 34 34 34 34 34 34 34 34 34 34 34 34 32 23 18 18 18 18 18 18 18 18 18 18 18 18 18 18 18 18 18 18 18 18 18 18 18 18 18 18 18 18 18 18 18 18 18 18 18 18 18 18 18 18 18 18 18 18 18 18 18 18 18 18 18 18 18 18 18 18 28 26 26 26 26 26 
18 18 18 18 18 18 18 18 18 18 19 19 18 18 18 18 18 18 18 18 18 18 24 32 34 34 34 34 34 34 34 34 34 34 34 34 32 25 26 26 26 26 26 26 26 26 29 18 18 18 18 18 18 18 18 18 18 18 18 18 18 18 18 18 18 18 18 18 18 18 18 18 18 18 18 18 18 18 18 18 18 18 18 18 18 18 18 18 18 18 18 18 18 18 24 32 32 32 32 32 
18 18 18 18 18 18 18 18 18 18 19 18 18 18 18 18 18 18 18 18 18 18 24 32 34 34 34 34 34 34 34 34 34 34 34 34 32 32 32 32 32 32 32 32 32 32 23 18 18 28 26 26 26 26 26 26 26 26 26 26 26 26 26 26 26 26 26 26 26 26 26 26 26 26 26 26 26 26 26 26 26 26 26 26 26 26 26 26 29 18 18 18 18 18 24 32 18 34 18 32 
18 18 18 18 18 18 18 18 18 18 18 18 18 18 18 18 18 18 18 18 18 18 24 32 34 34 34 34 34 34 34 34 34 34 34 34 34 34 34 34 34 34 34 34 34 32 23 18 28 27 32 32 32 32 32 32 32 32 32 32 32 32 32 32 32 32 32 32 32 32 32 32 32 32 32 32 32 32 32 32 32 32 32 32 32 32 32 32 23 18 18 18 18 18 24 32 34 34 18 32 
18 18 18 18 18 18 18 18 18 18 18 18 18 18 18 18 18 18 18 18 18 18 24 32 34 34 34 34 34 34 34 34 34 34 34 34 34 34 34 34 34 34 34 34 34 32 23 18 24 32 32 34 34 34 34 34 34 34 34 34 34 34 34 34 34 34 34 34 34 34 34 34 34 34 34 34 34 34 34 34 34 34 34 34 34 34 34 32 23 18 18 18 18 18 24 32 34 34 18 32 
18 18 18 18 18 18 18 18 18 18 18 18 18 18 18 18 18 18 18 18 18 18 24 32 34 34 34 34 34 34 34 34 34 34 34 34 34 34 34 34 34 34 34 34 34 32 25 26 27 32 34 34 34 34 34 34 34 34 34 34 34 34 34 34 34 34 34 34 34 34 34 34 34 34 34 34 34 34 34 34 34 34 34 34 34 34 34 32 25 26 26 26 26 26 27 32 18 34 34 32 
18 18 18 18 18 18 18 18 18 18 18 18 18 18 18 18 18 18 18 18 18 18 24 32 34 34 34 34 34 34 34 34 34 34 34 34 34 34 34 34 34 34 34 34 34 32 32 32 32 32 34 34 34 34 34 34 34 34 34 34 34 34 34 34 34 34 34 34 34 34 34 34 34 34 34 34 34 34 34 34 34 34 34 34 34 34 34 32 32 32 32 32 32 32 32 32 34 18 34 32 
18 18 18 18 18 18 18 18 18 18 18 18 18 18 18 18 18 18 18 18 18 18 24 32 34 34 34 34 34 34 34 34 34 34 34 34 34 34 34 34 34 34 34 34 34 34 34 34 34 34 34 34 34 34 34 34 34 34 34 34 34 34 34 34 34 34 34 34 34 34 34 34 34 34 34 34 34 34 34 34 34 34 34 34 34 34 34 34 34 34 18 34 18 18 34 34 18 18 34 32 
18 18 18 18 18 18 18 18 18 18 18 18 18 18 18 18 18 18 18 18 18 18 24 32 34 34 34 34 34 34 34 34 34 34 34 34 34 34 34 34 34 34 34 34 34 34 34 34 34 34 34 34 34 34 34 34 34 34 34 34 34 34 34 34 34 34 34 34 34 34 34 34 34 34 34 34 34 34 34 34 34 34 34 34 34 34 34 18 18 34 34 34 18 34 34 34 18 34 18 32 
18 18 18 18 18 18 18 18 18 18 18 18 18 18 18 18 18 18 18 18 18 18 24 32 34 34 34 34 34 34 34 34 34 34 34 34 32 32 32 32 32 32 32 32 32 32 32 32 32 32 34 34 34 34 34 34 34 34 34 34 34 34 34 34 34 34 34 34 34 34 34 34 34 34 34 34 34 34 34 34 34 34 34 34 34 34 34 34 18 18 18 34 34 34 18 34 34 34 34 32 
18 18 18 18 18 18 18 18 18 18 18 18 18 18 18 18 18 18 18 18 18 18 24 32 34 34 34 34 34 34 34 34 34 34 34 34 32 20 21 21 21 21 21 21 21 21 21 21 22 32 34 34 34 34 34 34 34 34 34 34 34 34 34 34 34 34 34 34 34 34 34 34 34 34 34 34 34 34 34 34 34 34 34 34 34 34 34 32 32 32 32 32 32 32 32 32 34 18 34 32 
18 18 18 18 18 18 18 18 18 18 18 18 18 18 18 18 18 18 18 18 18 18 24 32 32 32 32 32 32 34 34 32 32 32 32 32 32 23 18 18 18 18 19 18 18 18 18 18 24 32 32 32 32 32 32 32 32 32 32 32 32 32 32 32 34 34 34 34 34 34 34 34 34 34 34 34 34 34 34 34 34 34 34 34 34 34 34 32 20 21 21 21 21 21 22 32 18 34 18 32 
18 18 18 18 18 18 18 18 18 18 18 18 18 18 18 18 18 18 18 18 18 18 30 21 21 21 21 22 32 34 34 32 20 21 21 21 21 31 18 18 18 18 18 18 18 18 18 18 30 21 21 21 21 21 21 21 21 21 21 21 21 21 22 32 32 32 32 32 32 32 34 34 34 32 32 32 32 32 32 32 32 32 32 32 32 32 32 32 23 18 18 18 18 18 24 32 18 34 18 32 
18 18 18 18 18 18 18 18 18 18 18 18 18 18 18 18 18 18 18 18 18 18 18 18 18 18 18 24 32 34 34 32 23 18 18 18 18 28 26 26 26 26 26 26 26 26 26 26 26 26 26 26 18 18 18 18 18 18 18 18 18 18 30 21 21 21 21 21 22 32 34 34 34 32 20 21 21 21 21 21 21 21 21 21 21 21 21 21 31 18 18 18 18 18 24 32 32 32 32 32 
18 18 18 18 18 18 18 18 18 18 18 18 18 18 18 18 18 18 18 18 18 18 18 18 18 18 18 24 32 34 34 32 23 18 18 18 18 24 32 32 32 32 32 32 32 32 32 32 32 32 32 32 18 18 18 18 18 18 18 18 18 18 18 18 18 18 18 18 24 32 34 34 34 32 23 18 18 18 18 18 18 18 18 18 18 18 18 18 18 18 18 18 18 18 30 21 21 21 21 21 
18 18 18 18 18 19 19 19 18 18 18 18 18 18 18 18 18 18 18 18 18 18 18 18 18 18 18 24 32 34 34 32 23 18 18 18 18 24 32 34 34 34 34 34 34 34 34 34 34 34 34 32 18 18 18 18 18 18 18 18 18 18 18 18 18 18 18 18 24 32 34 34 34 32 23 18 18 18 18 18 18 18 18 18 18 18 18 18 18 18 18 18 18 18 18 18 18 18 18 18 
18 18 18 18 18 18 19 18 18 18 18 18 18 18 18 18 18 18 18 18 18 18 18 18 18 18 18 24 32 34 34 32 25 26 26 26 26 27 32 34 34 34 34 34 34 34 34 34 34 34 34 32 18 18 18 18 18 18 18 18 18 18 18 18 18 18 18 18 24 32 34 34 34 32 23 18 18 18 18 19 18 18 18 18 18 18 18 18 18 18 18 18 18 18 18 18 18 18 18 18 
18 18 18 18 18 18 19 18 18 18 18 18 18 18 19 18 18 18 18 18 18 18 18 18 18 18 18 24 32 34 34 32 32 32 32 32 32 32 32 34 34 34 34 34 34 34 34 34 34 34 34 32 18 18 18 18 18 18 18 18 18 18 18 18 18 18 18 18 24 32 34 34 34 32 23 18 18 18 18 19 19 18 18 18 18 18 18 18 18 18 18 18 18 18 18 18 18 18 18 18 
18 18 18 18 18 18 18 18 18 18 18 18 18 18 18 18 19 19 18 18 18 18 18 18 18 18 18 24 32 34 34 34 34 34 34 34 34 34 34 34 34 34 34 34 34 34 34 34 34 34 34 32 18 18 18 18 19 19 19 18 18 18 18 18 18 18 18 18 24 32 34 34 34 32 23 18 18 18 18 19 19 18 18 18 18 18 18 18 18 18 18 18 18 18 18 18 18 18 18 18 
18 18 18 18 18 18 18 18 18 18 18 18 18 18 18 18 18 18 18 18 18 18 18 18 18 18 18 24 32 34 34 34 34 34 34 34 34 34 34 34 34 34 34 34 34 34 34 34 34 34 34 32 18 18 18 18 19 19 18 18 18 18 18 18 18 18 18 18 24 32 34 34 34 32 23 18 18 18 18 18 18 18 18 18 18 18 18 19 18 18 19 18 18 18 18 18 18 18 18 18 
18 18 18 18 18 18 19 18 18 18 18 18 18 18 18 18 18 18 18 18 18 18 18 18 18 18 18 24 32 32 32 32 32 32 32 32 32 32 32 34 34 34 34 34 34 34 34 34 34 34 34 32 18 18 18 18 18 18 18 18 18 18 18 18 28 26 26 26 27 32 34 34 34 32 25 26 26 26 29 18 18 18 18 18 18 18 18 18 18 18 18 19 19 19 18 18 18 18 18 18 
18 18 18 18 18 18 19 19 18 18 18 18 18 18 18 18 18 18 18 18 18 18 18 18 18 18 18 30 21 21 21 21 21 21 21 21 21 22 32 34 34 34 34 34 34 34 34 34 34 34 34 32 18 18 18 18 18 18 18 18 18 18 18 18 24 32 32 32 32 32 34 34 34 32 32 32 32 32 25 29 18 18 18 18 18 18 18 18 18 18 18 18 18 19 18 18 18 18 18 18 
18 18 18 18 18 18 18 19 18 18 18 18 18 18 18 18 18 18 18 18 18 18 19 18 18 18 18 18 18 18 18 18 18 18 18 18 18 24 32 34 34 34 34 34 34 34 34 34 34 34 34 32 18 18 18 18 18 18 18 18 18 18 18 18 24 32 34 34 34 34 34 34 34 34 34 34 34 32 32 23 18 18 18 18 18 18 18 18 18 18 18 18 19 19 18 18 18 18 18 18 
18 18 18 18 18 18 18 18 18 18 18 18 18 18 18 18 18 18 18 18 18 18 18 19 18 18 18 18 18 18 18 18 18 18 18 18 18 24 32 34 34 34 34 34 34 34 34 34 34 34 34 32 18 18 18 18 18 18 18 18 18 18 18 18 24 32 34 34 34 34 34 34 34 34 34 34 34 34 32 23 18 18 18 18 18 18 18 18 18 18 18 18 19 18 18 18 18 18 18 18 
18 18 18 18 18 18 18 18 18 18 18 18 18 18 18 18 18 18 18 18 18 18 18 19 18 18 18 18 18 18 18 18 18 18 18 18 18 24 32 34 34 34 34 34 34 34 34 34 34 34 34 32 18 18 18 18 18 18 18 18 18 18 18 18 24 32 34 34 34 34 34 34 34 34 34 34 34 34 32 23 18 18 18 18 18 18 18 18 18 18 18 18 18 18 18 18 18 18 18 18 
18 18 18 18 18 18 18 18 18 18 18 18 18 18 18 18 18 18 19 18 18 18 18 18 19 18 18 18 18 18 18 18 18 18 18 18 18 24 32 34 34 34 34 34 34 34 34 34 34 34 34 32 18 18 18 18 18 18 18 28 26 26 26 26 27 32 34 34 34 34 34 34 34 34 34 34 34 34 32 23 18 18 28 26 26 26 26 26 26 26 26 26 26 26 26 26 26 29 18 18 
18 18 18 18 18 18 18 18 18 18 18 18 18 18 18 18 18 18 18 18 18 18 18 18 18 19 19 18 18 18 18 18 18 18 18 18 18 24 32 34 34 34 34 34 34 34 34 34 34 34 34 32 18 18 18 18 18 18 18 24 32 32 32 32 32 32 34 34 34 34 34 34 34 34 34 34 34 34 32 23 18 18 24 32 32 32 32 32 32 32 32 32 32 32 32 32 32 23 18 18 
18 18 18 18 18 18 18 18 18 18 18 18 18 18 18 18 18 18 18 18 18 18 18 18 18 18 18 18 18 18 18 18 18 18 18 18 18 24 32 34 34 34 34 34 34 34 34 34 34 34 34 32 25 26 26 26 26 26 26 27 32 34 34 34 34 34 34 34 34 34 34 34 34 34 34 34 34 34 32 23 18 18 24 32 34 34 34 34 34 34 34 34 34 34 34 34 32 23 18 18 
18 18 18 18 18 18 18 18 18 18 18 18 18 18 18 18 18 18 18 18 18 18 18 18 18 18 18 18 18 18 18 18 18 18 18 18 18 24 32 34 34 34 34 34 34 34 34 34 34 34 34 32 32 32 32 32 32 32 32 32 32 34 34 34 34 34 34 34 34 34 34 34 34 34 34 34 34 34 32 25 26 26 27 32 34 34 34 34 34 34 34 34 34 34 34 34 32 23 18 18 
18 18 18 18 18 18 18 18 18 18 18 18 18 18 18 18 18 18 18 18 18 18 18 18 18 18 18 18 18 18 18 18 18 18 18 18 18 24 32 34 34 34 34 34 34 34 34 34 34 34 34 34 34 34 34 34 34 34 34 34 34 34 34 34 34 34 34 34 34 34 34 34 34 34 34 34 34 34 32 32 32 32 32 32 34 34 34 34 34 34 34 34 34 34 34 34 32 23 18 18 
18 18 18 18 18 18 18 18 18 18 18 18 18 18 18 18 18 18 18 18 18 18 18 18 18 18 18 18 18 18 18 18 18 18 18 18 18 24 32 34 34 34 34 34 34 34 34 34 34 34 34 34 34 34 34 34 34 34 34 34 34 34 34 34 34 34 34 34 34 34 34 34 34 34 34 34 34 34 34 34 34 34 34 34 34 34 34 34 34 34 34 34 34 34 34 34 32 23 18 18 
18 18 18 18 18 18 18 18 18 18 18 18 18 18 18 18 18 18 18 18 18 18 18 19 18 18 18 18 18 18 18 18 18 18 18 18 18 24 32 34 34 34 34 34 34 34 34 34 34 34 34 34 34 34 34 34 32 32 32 32 32 34 34 34 34 34 34 34 34 34 34 34 34 34 34 34 34 34 34 34 34 34 34 34 34 34 34 34 34 34 34 34 34 34 34 34 32 23 18 19 
18 18 18 18 18 18 18 18 18 18 18 18 18 18 18 18 18 18 18 18 18 18 18 18 18 18 18 18 18 18 18 18 18 18 18 18 18 24 32 34 34 34 34 34 34 34 34 34 34 34 34 34 34 34 34 34 32 20 21 22 32 34 34 34 34 34 34 34 34 34 34 34 34 34 34 34 34 34 32 32 32 32 32 32 34 34 34 34 34 34 34 34 34 34 34 34 32 25 29 18 
18 18 18 18 18 18 18 18 18 18 18 18 18 18 18 18 18 18 18 18 18 18 18 18 18 18 18 18 18 18 18 18 18 18 18 18 18 24 32 34 34 34 34 34 34 34 34 34 34 34 34 34 34 34 34 34 32 23 18 24 32 32 32 32 32 32 32 32 34 34 34 34 34 34 34 34 34 34 32 20 21 21 22 32 34 34 34 34 34 34 34 34 34 34 34 34 32 13 25 29 
18 18 18 18 18 18 18 18 18 18 18 18 18 18 18 18 18 18 18 18 18 18 18 18 18 18 18 18 18 18 18 18 18 18 18 18 18 24 32 34 34 34 34 34 34 34 34 34 34 34 34 34 34 34 34 34 32 23 18 30 21 21 21 21 21 21 22 32 34 34 34 34 34 34 34 34 34 34 32 23 18 18 24 32 34 34 34 34 34 34 34 34 34 34 34 34 3 9 13 25 
18 18 18 18 18 18 18 18 18 18 18 18 18 18 18 18 18 18 18 18 18 18 18 18 18 19 19 18 18 18 18 18 18 19 18 18 18 24 32 34 34 34 34 34 34 34 34 34 34 34 34 34 34 34 34 34 32 23 18 18 18 18 18 18 18 18 24 32 34 34 34 34 34 34 34 34 34 34 32 23 18 18 24 32 32 32 32 32 32 32 32 32 32 32 32 3 3 3 9 18 
18 18 18 18 18 18 18 18 18 18 18 18 18 18 18 18 18 18 18 18 18 18 18 18 18 18 18 18 18 18 18 18 18 19 18 18 18 24 32 32 32 32 32 32 32 32 32 32 32 32 32 32 32 32 32 32 32 23 18 18 18 18 18 19 18 18 24 32 34 34 34 34 34 34 34 34 34 34 32 23 18 18 30 21 21 21 21 21 21 21 21 21 21 21 22 6 3 3 3 18 
18 18 18 18 18 18 18 18 18 18 18 18 18 18 18 18 18 18 18 18 18 18 18 18 18 18 18 18 18 18 18 18 18 18 18 18 18 30 21 21 21 21 21 21 21 21 21 21 21 21 21 21 21 21 21 21 21 31 18 18 19 18 18 18 18 18 24 32 32 32 32 32 32 32 32 32 32 32 32 23 18 18 18 18 18 18 18 18 19 18 18 18 18 18 24 14 6 3 3 18 
18 18 18 18 18 18 18 18 18 18 18 18 18 18 18 18 18 18 18 18 18 18 18 18 18 18 18 18 18 18 18 18 18 18 18 18 18 18 18 18 18 18 18 18 18 18 18 18 18 18 18 18 18 18 18 18 18 18 18 18 18 18 18 18 18 18 30 21 21 21 21 21 21 21 21 21 21 21 21 31 18 18 18 18 19 18 18 18 18 18 18 18 18 18 18 18 18 18 18 18 
